0
8
9
10
19
25
28
30
33
35
41
48
52
57
60
62
64
73
74
79
80
84
85
87
88
91
93
95
100
101
107
108
113
115
116
120
122
125
129
130
131
132
134
144
147
154
166
167
176
177
179
184
186
191
194
196
200
204
206
208
210
213
225
228
232
234
235
238
239
240
245
248
259
260
262
263
264
266
270
271
273
277
279
281
282
283
289
291
292
293
295
296
299
300
308
309
314
315
316
317
318
324
327
333
334
336
340
341
344
348
351
354
355
361
363
366
367
368
374
376
380
384
386
389
391
394
398
403
404
405
407
409
415
421
422
423
425
426
429
433
441
442
443
448
452
459
464
465
467
472
473
474
480
481
482
485
487
488
500
501
503
508
509
510
512
513
516
521
522
528
529
530
532
534
538
539
542
543
544
551
555
557
558
570
575
576
578
582
583
594
595
597
599
603
604
607
609
613
615
617
621
629
632
633
634
636
637
640
642
645
647
648
649
653
655
659
667
668
674
676
679
681
684
685
688
694
696
698
701
712
713
717
718
720
722
723
725
729
736
747
750
751
752
754
760
764
765
766
770
771
773
779
780
789
791
792
796
799
800
801
804
808
818
822
825
826
828
829
832
839
841
843
846
848
850
851
853
857
863
866
867
876
878
879
881
882
883
885
888
891
892
895
897
900
901
910
911
916
917
925
926
928
929
930
933
942
947
948
950
951
955
957
959
961
967
974
975
977
978
990
996
1001
1004
1009
1012
1014
1017
1020
1021
1025
1027
1034
1038
1041
1044
1045
1048
1050
1052
1057
1069
1070
1072
1073
1075
1077
1081
1085
1088
1090
1100
1103
1109
1113
1117
1118
1121
1122
1129
1131
1132
1134
1136
1138
1140
1141
1142
1144
1151
1153
1157
1159
1162
1165
1169
1174
1176
1177
1178
1182
1184
1187
1189
1191
1195
1199
1200
1205
1206
1208
1210
1212
1214
1216
1220
1225
1228
1230
1238
1246
1247
1249
1250
1251
1252
1254
1256
1258
1262
1271
1273
1274
1275
1277
1280
1282
1289
1290
1291
1294
1298
1302
1303
1304
1305
1307
1309
1312
1313
1314
1316
1317
1318
1322
1323
1327
1328
1329
1331
1333
1338
1353
1354
1357
1364
1365
1367
1371
1372
1376
1377
1380
1384
1387
1388
1391
1397
1399
1407
1412
1414
1417
1419
1421
1424
1427
1429
1432
1439
1453
1458
1463
1464
1472
1474
1484
1485
1495
1502
1503
1505
1507
1511
1512
1518
1520
1525
1527
1528
1529
1538
1540
1542
1546
1551
1555
1557
1558
1560
1564
1565
1566
1567
1568
1573
1574
1581
1588
1589
1594
1597
1599
1602
1603
1604
1605
1606
1613
1617
1619
1620
1621
1622
1625
1627
1635
1638
1642
1644
1645
1653
1654
1659
1665
1667
1668
1670
1676
1677
1683
1689
1694
1695
1696
1697
1702
1704
1706
1707
1714
1716
1718
1719
1721
1724
1726
1729
1731
1732
1734
1736
1738
1739
1744
1750
1752
1755
1757
1758
1761
1769
1776
1778
1779
1780
1786
1788
1789
1793
1800
1801
1807
1808
1812
1818
1821
1824
1825
1826
1828
1829
1831
1835
1845
1847
1848
1853
1856
1857
1863
1865
1866
1869
1874
1876
1882
1896
1898
1902
1904
1905
1906
1913
1916
1919
1920
1921
1922
1926
1935
1942
1958
1960
1963
1973
1975
1977
1982
1984
1988
1993
1997
2001
2003
2004
2005
2006
2010
2014
2016
2020
2022
2023
2027
2032
2040
2043
2044
2047
2051
2052
2054
2055
2058
2071
2075
2076
2080
2081
2082
2083
2086
2089
2090
2097
2103
2105
2109
2114
2115
2130
2131
2134
2139
2142
2143
2150
2151
2153
2154
2157
2158
2161
2162
2165
2169
2172
2173
2175
2176
2181
2184
2186
2188
2191
2194
2199
2203
2209
2210
2213
2215
2216
2221
2223
2227
2228
2232
2233
2238
2241
2242
2243
2250
2253
2255
2259
2264
2267
2268
2272
2273
2274
2276
2279
2288
2296
2300
2304
